#--- DSP_DATA.TXT - a text file containing graph data (vertices/edges)
#--- ..using Dijkstra's Shortest Path Algorithm in a demo program(=demo12.c)
#--- Use the '#' (pound) character - for starting a comment...
#--- Dataformat: Vertex(cityid) | Vertex(cityname) | Adj.vertex1(cityid) | weight1 | Adj.vertex2(cityid) | weight2...
#--- Use comma or semicolon as field separator
#
1, Stockholm, 2, 403.3, 3, 418.8, 4, 555.3, 6, 831.5, 28, 490.9
2, Helsinki, 1, 403.3, 29, 111.7
3, Oslo, 1, 418.8, 4, 458.1, 8, 1125.3, 7, 1798.0
4, Copenhagen, 1, 555.3, 3, 458.1, 5, 649.9, 6, 338.1, 8, 957.1, 27, 827.1, 9, 606.8
5, Warsaw, 4, 649.9, 6, 520.5, 24, 510.7, 31, 524.9, 27, 361.9
6, Berlin, 1, 831.5, 4, 338.1, 8, 941.9, 9, 582.2, 10, 670.9, 11, 905.2, 26, 398.2, 24, 233.8, 5, 520.5
7, Reykavik, 3, 1798.0, 8, 1926.5 
8, London, 3, 1125.3, 7, 1926.5, 32, 474.9, 11, 378.6, 10, 335.7, 9, 365.0, 6, 941.9, 4, 957.1
9, Amsterdam, 4, 606.8, 8, 365.0, 10, 225.6, 6, 582.2
10, Bruxelles, 9, 225.6, 8, 335.7, 11, 265.9, 26, 309.5, 6, 670.9
11, Paris, 8, 378.6, 32, 823.7, 13, 1449.3, 12, 1012.1, 14, 383.9, 15, 1117.7, 23, 363.3, 26, 512.3, 6, 905.2, 10, 265.9
12, Madrid, 13, 519.6, 15, 1372.3, 14, 893.1, 23, 1040.9, 11, 1012.1
13, Lisbon, 12, 519.6, 11, 1449.3
14, Lyon, 11, 383.9, 12, 893.1, 15, 764.9, 23, 150.6
15, Rome, 11, 1117.7, 14, 764.9, 12, 1372.3, 19, 1066.7, 17, 537.0, 30, 579.1, 23, 755.7
16, Zagreb, 21, 324.4, 30, 160.0, 17, 295.4, 18, 371.3
17, Sarajevo, 16, 295.4, 30, 455.2, 15, 537.0, 19, 805.9, 18, 198.3
18, Belgrade, 16, 371.3, 17, 198.3, 19, 826.1, 25, 322.5, 20, 452.1
19, Athens, 25, 557.1, 18, 826.1, 17, 805.9, 15, 1066.7
20, Bukarest, 27, 1113.6, 31, 824.2, 21, 643.2, 18, 452.1, 25, 317.1
21, Budapest, 31, 182.9, 22, 229.1, 16, 324.4, 20, 643.2
22, Vienna, 24, 263.4, 26, 603.2, 23, 806.5, 30, 263.7, 21, 229.1
23, Geneva, 26, 483.2, 11, 363.3, 12, 1040.9, 14, 150.6, 15, 755.7, 30, 645.7, 22, 806.5
24, Prague, 6, 233.8, 26, 411.3, 22, 263.4, 31, 295.6, 5, 510.7
25, Sofia, 20, 317.1, 18, 322.5, 19, 557.1
26, Frankfurt, 6, 398.2, 10, 309.5, 11, 512.3, 23, 483.2, 22, 603.2, 24, 411.3
27, Vilnius, 28, 234.7, 4, 827.1, 5, 361.9, 20, 1113.6
28, Riga, 29, 335.8, 1, 490.9, 27, 234.7
29, Tallinn, 2, 111.7, 28, 335.8
30, Ljubljana, 22, 263.7, 23, 645.7, 15, 579.1, 17, 455.2, 16, 160.0
31, Bratislava, 5, 524.9, 24, 295.6, 21, 182.9, 20, 824.2
32, Dublin, 08, 474.9, 11, 823.7



 
